685.0, 783.0, 4.0
685.0, 783.0, -5.0
685.0, 783.0, 1.0
685.0, 640.0, 2.0
685.0, 640.0, 7.0
685.0, 640.0, 1.0
685.0, 634.0, -2.0
685.0, 634.0, -1.0
685.0, 634.0, 8.0
685.0, 649.0, 3.0
685.0, 649.0, -2.0
685.0, 649.0, 1.0
685.0, 650.0, -2.0
685.0, 650.0, -1.0
685.0, 650.0, 4.0
685.0, 706.0, -2.0
685.0, 706.0, -1.0
685.0, 706.0, 1.0
685.0, 629.0, -1.0
685.0, 629.0, 2.0
685.0, 629.0, 1.0
685.0, 706.0, 1.0
685.0, 706.0, -3.0
685.0, 706.0, 1.0
685.0, 706.0, 2.0
685.0, 629.0, -2.0
685.0, 629.0, -1.0
685.0, 629.0, -3.0
685.0, 618.0, -1.0
685.0, 618.0, 7.0
685.0, 618.0, -4.0
685.0, 649.0, 7.0
685.0, 649.0, 2.0
685.0, 649.0, 1.0
685.0, 610.0, 1.0
685.0, 610.0, 1.0
685.0, 610.0, -2.0
685.0, 610.0, -2.0
685.0, 688.0, -9.0
685.0, 688.0, 2.0
685.0, 688.0, 2.0
685.0, 513.0, 7.0
685.0, 513.0, 1.0
685.0, 513.0, -1.0
685.0, 706.0, 4.0
685.0, 706.0, -1.0
685.0, 706.0, -3.0
685.0, 618.0, 3.0
685.0, 618.0, -6.0
685.0, 618.0, 1.0
685.0, 730.0, 2.0
685.0, 730.0, 1.0
685.0, 730.0, -4.0
685.0, 602.0, -5.0
685.0, 602.0, 8.0
685.0, 602.0, 4.0
685.0, 783.0, -6.0
685.0, 783.0, 1.0
685.0, 783.0, 7.0
685.0, 783.0, -4.0
685.0, 629.0, 2.0
685.0, 629.0, -5.0
685.0, 629.0, -4.0
685.0, 649.0, 1.0
685.0, 649.0, -2.0
685.0, 649.0, 2.0
685.0, 618.0, -1.0
685.0, 618.0, -2.0
685.0, 618.0, -3.0
685.0, 513.0, -1.0
685.0, 513.0, 1.0
685.0, 513.0, 2.0
685.0, 698.0, 6.0
685.0, 698.0, 1.0
685.0, 698.0, -2.0
685.0, 656.0, -2.0
685.0, 656.0, -1.0
685.0, 656.0, 1.0
685.0, 688.0, -3.0
685.0, 688.0, -6.0
685.0, 688.0, -4.0
685.0, 619.0, -1.0
685.0, 619.0, -8.0
685.0, 619.0, 2.0
685.0, 619.0, 1.0
685.0, 706.0, 5.0
685.0, 706.0, 10.0
685.0, 706.0, 5.0
685.0, 649.0, -5.0
685.0, 649.0, -5.0
685.0, 649.0, -2.0
685.0, 640.0, 2.0
685.0, 640.0, 1.0
685.0, 640.0, 1.0
685.0, 640.0, -4.0
685.0, 629.0, -2.0
685.0, 629.0, -1.0
685.0, 629.0, 2.0
685.0, 602.0, -2.0
685.0, 602.0, 6.0
685.0, 602.0, -1.0
685.0, 602.0, 2.0
685.0, 618.0, 10.0
685.0, 618.0, -9.0
685.0, 618.0, -1.0
685.0, 700.0, -3.0
685.0, 700.0, 7.0
685.0, 730.0, -6.0
685.0, 853.0, 1.0
685.0, 853.0, -3.0
685.0, 853.0, -4.0
685.0, 700.0, 5.0
685.0, 700.0, 1.0
685.0, 619.0, 1.0
685.0, 619.0, -3.0
685.0, 619.0, -4.0
685.0, 745.0, 1.0
685.0, 745.0, 1.0
685.0, 745.0, 1.0
685.0, 634.0, -4.0
685.0, 634.0, 10.0
685.0, 634.0, 2.0
685.0, 698.0, -2.0
685.0, 698.0, 3.0
685.0, 698.0, -3.0
685.0, 698.0, -1.0
685.0, 610.0, -1.0
685.0, 610.0, 5.0
685.0, 610.0, -4.0
685.0, 618.0, 5.0
685.0, 618.0, 1.0
685.0, 618.0, -4.0
685.0, 629.0, -1.0
685.0, 629.0, 1.0
685.0, 629.0, -6.0
685.0, 712.0, -3.0
685.0, 712.0, -6.0
685.0, 712.0, 1.0
685.0, 629.0, 2.0
685.0, 629.0, -3.0
685.0, 629.0, 1.0
685.0, 629.0, -1.0
685.0, 649.0, -7.0
685.0, 649.0, -2.0
685.0, 649.0, 3.0
685.0, 706.0, -2.0
685.0, 706.0, 7.0
685.0, 706.0, 6.0
685.0, 649.0, 1.0
685.0, 649.0, -6.0
685.0, 649.0, 5.0
685.0, 649.0, -1.0
685.0, 706.0, -5.0
685.0, 706.0, 5.0
685.0, 706.0, 4.0
685.0, 618.0, -3.0
685.0, 618.0, 1.0
685.0, 618.0, -10.0
685.0, 618.0, -1.0
685.0, 656.0, -4.0
685.0, 656.0, -2.0
685.0, 656.0, 1.0
688.0, 610.0, 2.0
688.0, 610.0, 7.0
688.0, 610.0, -2.0
688.0, 602.0, 3.0
688.0, 602.0, 1.0
688.0, 602.0, 4.0
688.0, 513.0, 2.0
688.0, 513.0, 1.0
688.0, 513.0, 8.0
688.0, 656.0, 2.0
688.0, 656.0, 2.0
688.0, 656.0, 9.0
688.0, 648.0, 3.0
688.0, 648.0, -1.0
688.0, 634.0, 2.0
688.0, 634.0, -6.0
688.0, 634.0, -2.0
688.0, 634.0, -2.0
688.0, 706.0, 1.0
688.0, 706.0, 8.0
688.0, 706.0, -1.0
688.0, 796.0, -10.0
688.0, 796.0, -3.0
688.0, 796.0, -5.0
688.0, 656.0, 1.0
688.0, 656.0, 7.0
688.0, 656.0, -2.0
688.0, 656.0, -2.0
688.0, 619.0, -2.0
688.0, 619.0, 5.0
688.0, 698.0, 3.0
688.0, 698.0, -1.0
688.0, 698.0, 5.0
688.0, 629.0, 3.0
688.0, 629.0, -6.0
688.0, 629.0, -9.0
688.0, 629.0, -4.0
688.0, 649.0, 3.0
688.0, 649.0, 2.0
688.0, 649.0, 3.0
688.0, 614.0, 4.0
688.0, 614.0, 1.0
688.0, 614.0, 5.0
688.0, 619.0, 2.0
688.0, 619.0, 6.0
688.0, 619.0, -2.0
688.0, 712.0, -6.0
688.0, 712.0, 1.0
688.0, 712.0, -3.0
688.0, 712.0, 8.0
688.0, 656.0, -1.0
688.0, 656.0, 1.0
688.0, 656.0, 3.0
688.0, 634.0, 5.0
688.0, 634.0, 1.0
688.0, 634.0, 5.0
688.0, 649.0, -5.0
688.0, 649.0, -1.0
688.0, 649.0, 1.0
688.0, 649.0, 7.0
688.0, 618.0, -1.0
688.0, 618.0, -1.0
688.0, 618.0, -2.0
688.0, 629.0, -6.0
688.0, 629.0, 1.0
688.0, 629.0, 3.0
688.0, 619.0, 1.0
688.0, 619.0, -1.0
688.0, 619.0, -5.0
688.0, 619.0, 2.0
688.0, 619.0, -1.0
688.0, 640.0, -2.0
688.0, 640.0, -2.0
688.0, 640.0, 3.0
688.0, 648.0, 1.0
688.0, 648.0, -1.0
688.0, 513.0, 8.0
688.0, 513.0, -3.0
688.0, 513.0, -1.0
688.0, 610.0, -1.0
688.0, 610.0, 9.0
688.0, 610.0, -4.0
688.0, 513.0, 6.0
688.0, 513.0, 2.0
688.0, 513.0, -4.0
688.0, 698.0, 1.0
688.0, 698.0, -2.0
688.0, 698.0, 3.0
688.0, 698.0, -4.0
688.0, 598.0, 2.0
688.0, 598.0, -4.0
688.0, 598.0, -2.0
688.0, 619.0, 1.0
688.0, 619.0, -3.0
688.0, 619.0, 6.0
688.0, 619.0, -3.0
688.0, 783.0, 3.0
688.0, 783.0, 2.0
688.0, 783.0, 3.0
688.0, 706.0, 1.0
688.0, 706.0, 8.0
688.0, 706.0, 9.0
688.0, 706.0, 9.0
688.0, 610.0, 2.0
688.0, 610.0, 1.0
688.0, 610.0, 3.0
688.0, 656.0, 1.0
688.0, 656.0, 1.0
688.0, 656.0, 3.0
688.0, 513.0, 5.0
688.0, 513.0, -1.0
688.0, 513.0, 5.0
688.0, 610.0, -4.0
688.0, 610.0, 2.0
688.0, 610.0, 3.0
688.0, 656.0, 1.0
688.0, 656.0, -1.0
688.0, 656.0, 1.0
688.0, 619.0, -2.0
688.0, 619.0, 3.0
688.0, 783.0, -4.0
688.0, 783.0, -2.0
688.0, 783.0, -4.0
688.0, 783.0, 3.0
688.0, 745.0, 2.0
688.0, 745.0, 1.0
688.0, 745.0, 2.0
688.0, 513.0, 1.0
688.0, 513.0, 1.0
688.0, 513.0, -7.0
688.0, 619.0, 8.0
688.0, 619.0, 2.0
688.0, 619.0, -3.0
688.0, 610.0, -1.0
688.0, 610.0, -1.0
688.0, 610.0, -1.0
688.0, 513.0, 3.0
688.0, 513.0, 1.0
688.0, 513.0, -3.0
688.0, 513.0, 5.0
688.0, 618.0, -1.0
688.0, 618.0, 1.0
688.0, 618.0, -4.0
688.0, 656.0, -1.0
688.0, 656.0, -4.0
688.0, 656.0, 3.0
688.0, 602.0, 4.0
688.0, 602.0, -2.0
688.0, 602.0, 3.0
688.0, 640.0, -5.0
688.0, 640.0, 1.0
688.0, 640.0, -4.0
688.0, 610.0, 6.0
688.0, 610.0, 1.0
688.0, 610.0, -1.0
688.0, 610.0, 7.0
745.0, 700.0, 3.0
745.0, 700.0, -1.0
745.0, 700.0, 3.0
745.0, 614.0, 4.0
745.0, 614.0, -1.0
745.0, 614.0, -1.0
745.0, 853.0, -2.0
745.0, 853.0, 3.0
745.0, 853.0, 1.0
745.0, 650.0, -3.0
745.0, 650.0, 2.0
745.0, 650.0, -3.0
745.0, 700.0, 1.0
745.0, 700.0, -4.0
745.0, 700.0, 4.0
745.0, 649.0, 2.0
745.0, 649.0, 5.0
745.0, 649.0, -3.0
745.0, 712.0, 1.0
745.0, 712.0, 1.0
745.0, 712.0, -1.0
745.0, 767.0, 8.0
745.0, 767.0, 3.0
745.0, 767.0, 4.0
745.0, 767.0, -1.0
745.0, 624.0, -4.0
745.0, 624.0, 5.0
745.0, 624.0, -5.0
745.0, 733.0, 4.0
745.0, 733.0, -4.0
745.0, 733.0, 1.0
745.0, 733.0, 4.0
745.0, 648.0, 1.0
745.0, 648.0, 2.0
745.0, 648.0, -4.0
745.0, 614.0, 3.0
745.0, 614.0, -3.0
745.0, 614.0, 6.0
745.0, 618.0, -1.0
745.0, 618.0, -4.0
745.0, 700.0, -2.0
745.0, 700.0, -4.0
745.0, 700.0, -2.0
745.0, 650.0, -2.0
745.0, 650.0, 1.0
745.0, 650.0, 3.0
745.0, 712.0, -6.0
745.0, 712.0, 4.0
745.0, 712.0, 1.0
745.0, 712.0, -1.0
745.0, 656.0, 4.0
745.0, 656.0, -6.0
745.0, 656.0, 3.0
745.0, 656.0, 2.0
745.0, 796.0, 2.0
745.0, 796.0, -7.0
745.0, 796.0, 2.0
745.0, 610.0, 3.0
745.0, 610.0, -4.0
745.0, 610.0, 2.0
745.0, 700.0, -1.0
745.0, 700.0, -8.0
745.0, 700.0, 3.0
745.0, 733.0, 1.0
745.0, 733.0, 1.0
745.0, 733.0, -4.0
745.0, 853.0, 1.0
745.0, 853.0, 2.0
745.0, 853.0, -1.0
745.0, 853.0, 3.0
745.0, 796.0, -4.0
745.0, 796.0, 3.0
745.0, 796.0, 10.0
745.0, 712.0, -1.0
745.0, 712.0, -2.0
745.0, 712.0, -8.0
745.0, 745.0, -3.0
745.0, 745.0, 3.0
745.0, 745.0, -1.0
745.0, 745.0, 4.0
745.0, 650.0, 1.0
745.0, 650.0, 8.0
745.0, 650.0, 2.0
745.0, 598.0, -3.0
745.0, 598.0, 2.0
745.0, 598.0, -1.0
745.0, 650.0, -1.0
745.0, 650.0, -1.0
745.0, 650.0, 1.0
745.0, 730.0, -3.0
745.0, 730.0, -4.0
745.0, 730.0, 5.0
745.0, 730.0, 2.0
745.0, 712.0, 3.0
745.0, 712.0, -4.0
745.0, 712.0, 3.0
745.0, 730.0, 2.0
745.0, 730.0, 3.0
745.0, 730.0, 2.0
745.0, 648.0, 7.0
745.0, 648.0, -1.0
745.0, 648.0, -1.0
745.0, 648.0, -6.0
745.0, 853.0, 6.0
745.0, 853.0, -4.0
745.0, 853.0, -5.0
745.0, 610.0, 1.0
745.0, 610.0, -11.0
745.0, 610.0, 3.0
745.0, 624.0, 3.0
745.0, 624.0, -4.0
745.0, 624.0, -1.0
745.0, 618.0, 3.0
745.0, 618.0, 7.0
745.0, 629.0, 3.0
745.0, 629.0, -1.0
745.0, 629.0, 8.0
745.0, 706.0, -3.0
745.0, 706.0, 4.0
745.0, 706.0, 5.0
745.0, 700.0, -1.0
745.0, 700.0, -3.0
745.0, 700.0, 2.0
745.0, 767.0, 2.0
745.0, 767.0, -1.0
745.0, 767.0, 7.0
745.0, 853.0, -11.0
745.0, 853.0, -1.0
745.0, 853.0, 1.0
745.0, 650.0, -3.0
745.0, 650.0, -2.0
745.0, 650.0, 4.0
745.0, 745.0, 5.0
745.0, 745.0, -1.0
745.0, 745.0, -2.0
745.0, 598.0, 2.0
745.0, 598.0, 4.0
745.0, 598.0, 1.0
745.0, 598.0, -2.0
745.0, 650.0, 2.0
745.0, 650.0, -2.0
745.0, 650.0, -1.0
745.0, 650.0, -1.0
745.0, 712.0, 2.0
745.0, 712.0, -1.0
745.0, 712.0, 2.0
745.0, 853.0, 1.0
745.0, 853.0, 2.0
745.0, 853.0, -2.0
745.0, 700.0, -1.0
745.0, 700.0, -4.0
745.0, 700.0, -2.0
745.0, 700.0, -1.0
745.0, 712.0, -1.0
745.0, 712.0, 4.0
745.0, 712.0, 1.0
745.0, 853.0, -9.0
745.0, 853.0, 1.0
745.0, 853.0, 1.0
853.0, 650.0, 6.0
853.0, 650.0, 3.0
853.0, 650.0, -2.0
853.0, 712.0, 2.0
853.0, 712.0, -5.0
853.0, 712.0, 13.0
853.0, 700.0, 1.0
853.0, 700.0, 5.0
853.0, 700.0, 1.0
853.0, 745.0, 5.0
853.0, 745.0, 3.0
853.0, 745.0, 3.0
853.0, 648.0, 1.0
853.0, 648.0, -2.0
853.0, 648.0, -1.0
853.0, 767.0, 3.0
853.0, 767.0, -13.0
853.0, 767.0, 1.0
853.0, 610.0, 5.0
853.0, 610.0, 4.0
853.0, 610.0, 4.0
853.0, 610.0, 5.0
853.0, 712.0, -2.0
853.0, 712.0, 9.0
853.0, 712.0, 2.0
853.0, 730.0, -7.0
853.0, 730.0, -4.0
853.0, 730.0, -1.0
853.0, 614.0, 1.0
853.0, 614.0, -5.0
853.0, 614.0, -7.0
853.0, 614.0, -2.0
853.0, 712.0, 5.0
853.0, 712.0, -1.0
853.0, 712.0, -8.0
853.0, 700.0, -2.0
853.0, 700.0, 7.0
853.0, 700.0, 1.0
853.0, 614.0, 1.0
853.0, 614.0, 7.0
853.0, 614.0, 4.0
853.0, 598.0, -2.0
853.0, 598.0, -2.0
853.0, 598.0, 4.0
853.0, 745.0, -9.0
853.0, 745.0, 7.0
853.0, 745.0, 3.0
853.0, 745.0, 1.0
853.0, 610.0, 6.0
853.0, 610.0, -2.0
853.0, 610.0, -1.0
853.0, 610.0, 7.0
853.0, 650.0, -3.0
853.0, 650.0, 10.0
853.0, 650.0, 3.0
853.0, 730.0, 12.0
853.0, 730.0, -1.0
853.0, 730.0, 3.0
853.0, 733.0, -4.0
853.0, 733.0, 5.0
853.0, 733.0, 5.0
853.0, 700.0, 2.0
853.0, 700.0, -5.0
853.0, 700.0, 1.0
853.0, 700.0, 4.0
853.0, 700.0, 2.0
853.0, 700.0, -4.0
853.0, 796.0, -1.0
853.0, 796.0, 4.0
853.0, 796.0, -7.0
853.0, 796.0, -2.0
853.0, 706.0, 7.0
853.0, 706.0, 2.0
853.0, 712.0, 3.0
853.0, 712.0, 2.0
853.0, 712.0, -4.0
853.0, 712.0, 1.0
853.0, 618.0, 3.0
853.0, 618.0, 1.0
853.0, 618.0, 6.0
853.0, 733.0, 4.0
853.0, 733.0, -2.0
853.0, 733.0, -3.0
853.0, 624.0, -7.0
853.0, 624.0, 3.0
853.0, 624.0, 7.0
853.0, 624.0, 1.0
853.0, 767.0, 2.0
853.0, 767.0, -3.0
853.0, 767.0, -1.0
853.0, 650.0, 2.0
853.0, 650.0, -3.0
853.0, 650.0, 1.0
853.0, 700.0, -3.0
853.0, 700.0, 4.0
853.0, 700.0, -4.0
853.0, 700.0, -1.0
853.0, 624.0, 6.0
853.0, 624.0, 1.0
853.0, 624.0, 1.0
853.0, 610.0, -2.0
853.0, 610.0, 5.0
853.0, 610.0, 2.0
853.0, 648.0, -4.0
853.0, 648.0, -3.0
853.0, 648.0, 2.0
853.0, 648.0, -1.0
853.0, 712.0, 2.0
853.0, 712.0, -1.0
853.0, 712.0, -1.0
853.0, 650.0, -7.0
853.0, 650.0, 5.0
853.0, 650.0, -3.0
853.0, 629.0, 7.0
853.0, 629.0, -1.0
853.0, 629.0, 11.0
853.0, 649.0, -2.0
853.0, 649.0, 2.0
853.0, 649.0, 7.0
853.0, 598.0, 1.0
853.0, 598.0, 5.0
853.0, 598.0, 1.0
853.0, 796.0, -3.0
853.0, 796.0, 1.0
853.0, 796.0, 16.0
853.0, 650.0, 1.0
853.0, 650.0, 4.0
853.0, 650.0, 4.0
853.0, 650.0, -1.0
853.0, 700.0, 2.0
853.0, 700.0, 4.0
853.0, 700.0, -1.0
853.0, 650.0, 4.0
853.0, 650.0, 4.0
853.0, 650.0, 7.0
853.0, 712.0, 3.0
853.0, 712.0, -2.0
853.0, 712.0, 3.0
853.0, 706.0, -5.0
853.0, 706.0, 10.0
602.0, 634.0, 2.0
602.0, 634.0, -3.0
602.0, 634.0, 1.0
602.0, 640.0, -3.0
602.0, 640.0, 3.0
602.0, 629.0, -1.0
602.0, 629.0, 1.0
602.0, 629.0, -1.0
602.0, 629.0, -3.0
602.0, 730.0, -2.0
602.0, 730.0, 4.0
602.0, 640.0, -1.0
602.0, 640.0, -4.0
602.0, 640.0, -2.0
602.0, 698.0, -1.0
602.0, 698.0, 2.0
602.0, 698.0, -1.0
602.0, 513.0, 1.0
602.0, 513.0, 2.0
602.0, 513.0, 1.0
602.0, 513.0, -2.0
602.0, 618.0, 2.0
602.0, 618.0, -6.0
602.0, 618.0, 4.0
602.0, 618.0, -2.0
602.0, 698.0, -1.0
602.0, 698.0, -2.0
602.0, 698.0, -3.0
602.0, 730.0, 7.0
602.0, 783.0, 1.0
602.0, 783.0, -1.0
602.0, 656.0, -4.0
602.0, 656.0, 6.0
602.0, 656.0, 1.0
602.0, 706.0, 8.0
602.0, 706.0, -5.0
602.0, 706.0, 3.0
602.0, 619.0, -1.0
602.0, 619.0, 6.0
602.0, 619.0, -1.0
602.0, 634.0, -1.0
602.0, 634.0, -1.0
602.0, 634.0, -2.0
602.0, 698.0, -3.0
602.0, 698.0, -3.0
602.0, 698.0, 1.0
602.0, 598.0, 7.0
602.0, 598.0, 6.0
602.0, 598.0, 5.0
602.0, 733.0, -1.0
602.0, 733.0, 2.0
602.0, 634.0, -2.0
602.0, 634.0, -4.0
602.0, 634.0, 3.0
602.0, 698.0, -4.0
602.0, 698.0, -10.0
602.0, 698.0, -1.0
602.0, 698.0, 1.0
602.0, 619.0, 3.0
602.0, 619.0, 3.0
602.0, 619.0, -1.0
602.0, 783.0, -3.0
602.0, 783.0, 2.0
602.0, 783.0, -3.0
602.0, 783.0, -5.0
602.0, 610.0, 2.0
602.0, 610.0, -1.0
602.0, 610.0, 8.0
602.0, 640.0, -6.0
602.0, 640.0, 1.0
602.0, 640.0, 5.0
602.0, 624.0, -1.0
602.0, 624.0, 2.0
602.0, 624.0, 1.0
602.0, 767.0, -1.0
602.0, 767.0, 2.0
602.0, 767.0, -1.0
602.0, 634.0, -4.0
602.0, 634.0, 3.0
602.0, 634.0, 1.0
602.0, 598.0, 6.0
602.0, 733.0, 5.0
602.0, 733.0, -11.0
602.0, 783.0, 3.0
602.0, 783.0, -1.0
602.0, 783.0, 2.0
602.0, 783.0, -4.0
602.0, 706.0, 2.0
602.0, 706.0, -6.0
602.0, 706.0, -1.0
602.0, 629.0, 1.0
602.0, 629.0, 1.0
602.0, 629.0, 1.0
602.0, 640.0, -5.0
602.0, 640.0, -1.0
602.0, 640.0, -1.0
602.0, 640.0, 5.0
602.0, 649.0, -2.0
602.0, 649.0, -4.0
602.0, 649.0, -3.0
602.0, 649.0, -1.0
602.0, 610.0, -1.0
602.0, 610.0, 3.0
602.0, 610.0, -11.0
602.0, 783.0, 3.0
602.0, 783.0, 1.0
602.0, 783.0, -4.0
602.0, 698.0, -2.0
602.0, 698.0, -2.0
602.0, 698.0, -5.0
602.0, 783.0, 7.0
602.0, 783.0, -4.0
602.0, 783.0, -5.0
602.0, 656.0, 10.0
602.0, 656.0, -2.0
602.0, 656.0, -5.0
602.0, 656.0, -1.0
602.0, 618.0, -2.0
602.0, 618.0, 1.0
602.0, 618.0, -1.0
602.0, 649.0, -4.0
602.0, 649.0, 1.0
602.0, 649.0, -4.0
602.0, 610.0, -1.0
602.0, 610.0, 1.0
602.0, 610.0, 6.0
602.0, 513.0, -1.0
602.0, 513.0, -4.0
602.0, 513.0, 2.0
602.0, 640.0, 3.0
602.0, 640.0, -2.0
602.0, 640.0, -2.0
602.0, 698.0, 2.0
602.0, 698.0, 8.0
602.0, 698.0, -6.0
602.0, 634.0, -2.0
602.0, 634.0, 1.0
602.0, 634.0, -1.0
602.0, 634.0, -1.0
602.0, 640.0, -5.0
602.0, 640.0, -1.0
602.0, 640.0, -7.0
602.0, 640.0, 4.0
602.0, 634.0, -1.0
602.0, 634.0, -6.0
602.0, 634.0, 2.0
602.0, 783.0, -7.0
602.0, 783.0, -4.0
602.0, 783.0, -4.0
598.0, 648.0, 1.0
598.0, 648.0, 3.0
598.0, 648.0, -2.0
598.0, 624.0, -1.0
598.0, 624.0, 1.0
598.0, 624.0, 1.0
598.0, 656.0, -1.0
598.0, 656.0, -3.0
598.0, 656.0, -3.0
598.0, 745.0, -1.0
598.0, 745.0, -5.0
598.0, 745.0, 2.0
598.0, 712.0, -1.0
598.0, 712.0, 1.0
598.0, 712.0, 7.0
598.0, 712.0, -2.0
598.0, 614.0, -1.0
598.0, 614.0, -2.0
598.0, 745.0, -1.0
598.0, 745.0, 1.0
598.0, 700.0, 3.0
598.0, 700.0, 1.0
598.0, 700.0, -6.0
598.0, 700.0, -5.0
598.0, 730.0, -4.0
598.0, 730.0, 3.0
598.0, 730.0, 2.0
598.0, 648.0, -2.0
598.0, 648.0, -1.0
598.0, 648.0, 1.0
598.0, 619.0, -1.0
598.0, 619.0, 3.0
598.0, 733.0, -2.0
598.0, 733.0, -1.0
598.0, 733.0, 3.0
598.0, 614.0, -7.0
598.0, 614.0, 2.0
598.0, 614.0, 5.0
598.0, 733.0, 1.0
598.0, 733.0, 3.0
598.0, 733.0, -3.0
598.0, 733.0, -4.0
598.0, 513.0, 1.0
598.0, 513.0, 1.0
598.0, 513.0, 2.0
598.0, 767.0, -3.0
598.0, 767.0, -1.0
598.0, 767.0, -2.0
598.0, 624.0, -2.0
598.0, 624.0, -3.0
598.0, 624.0, 2.0
598.0, 767.0, -1.0
598.0, 767.0, -1.0
598.0, 767.0, 3.0
598.0, 767.0, 2.0
598.0, 712.0, 4.0
598.0, 712.0, -2.0
598.0, 610.0, -1.0
598.0, 610.0, -1.0
598.0, 610.0, -1.0
598.0, 610.0, 2.0
598.0, 614.0, -2.0
598.0, 614.0, -3.0
598.0, 614.0, -4.0
598.0, 648.0, 8.0
598.0, 648.0, 1.0
598.0, 648.0, -1.0
598.0, 619.0, 1.0
598.0, 619.0, -3.0
598.0, 745.0, -9.0
598.0, 745.0, -1.0
598.0, 745.0, -1.0
598.0, 745.0, -4.0
598.0, 700.0, -5.0
598.0, 700.0, -3.0
598.0, 700.0, -2.0
598.0, 796.0, 7.0
598.0, 796.0, -3.0
598.0, 796.0, 3.0
598.0, 610.0, 1.0
598.0, 610.0, -1.0
598.0, 610.0, -1.0
598.0, 796.0, -4.0
598.0, 796.0, -4.0
598.0, 796.0, -4.0
598.0, 796.0, 3.0
598.0, 648.0, -4.0
598.0, 648.0, -1.0
598.0, 648.0, -2.0
598.0, 745.0, -1.0
598.0, 745.0, -3.0
598.0, 745.0, -1.0
598.0, 745.0, -5.0
598.0, 796.0, -1.0
598.0, 796.0, -3.0
598.0, 796.0, -1.0
598.0, 650.0, 7.0
598.0, 650.0, 1.0
598.0, 650.0, 1.0
598.0, 614.0, -2.0
598.0, 614.0, -1.0
598.0, 614.0, 1.0
598.0, 614.0, -3.0
598.0, 796.0, 4.0
598.0, 796.0, 1.0
598.0, 796.0, -2.0
598.0, 614.0, -1.0
598.0, 614.0, 3.0
598.0, 614.0, 3.0
598.0, 614.0, 3.0
598.0, 648.0, 2.0
598.0, 648.0, 3.0
598.0, 648.0, 1.0
598.0, 730.0, -6.0
598.0, 730.0, 1.0
598.0, 730.0, 3.0
598.0, 610.0, -2.0
598.0, 610.0, 1.0
598.0, 610.0, 5.0
598.0, 650.0, -8.0
598.0, 650.0, -2.0
598.0, 650.0, -1.0
598.0, 796.0, 4.0
598.0, 796.0, -8.0
598.0, 796.0, -1.0
598.0, 745.0, -11.0
598.0, 745.0, -2.0
598.0, 745.0, -7.0
598.0, 745.0, -6.0
598.0, 614.0, 11.0
598.0, 614.0, 1.0
598.0, 614.0, -1.0
598.0, 796.0, -7.0
598.0, 796.0, -1.0
598.0, 796.0, 3.0
598.0, 712.0, 1.0
598.0, 745.0, -1.0
598.0, 745.0, -5.0
598.0, 648.0, -1.0
598.0, 648.0, -5.0
598.0, 648.0, 1.0
598.0, 648.0, -3.0
698.0, 733.0, -2.0
698.0, 733.0, 1.0
698.0, 733.0, 1.0
698.0, 656.0, 15.0
698.0, 656.0, -1.0
698.0, 656.0, 3.0
698.0, 783.0, 9.0
698.0, 783.0, -4.0
698.0, 783.0, -10.0
698.0, 634.0, -1.0
698.0, 634.0, -2.0
698.0, 634.0, -3.0
698.0, 610.0, 2.0
698.0, 610.0, 1.0
698.0, 610.0, 9.0
698.0, 513.0, 10.0
698.0, 513.0, -1.0
698.0, 513.0, 1.0
698.0, 513.0, 4.0
698.0, 656.0, -7.0
698.0, 656.0, -1.0
698.0, 656.0, -3.0
698.0, 656.0, 3.0
698.0, 783.0, 1.0
698.0, 783.0, -1.0
698.0, 783.0, -2.0
698.0, 640.0, 1.0
698.0, 640.0, 6.0
698.0, 640.0, 4.0
698.0, 513.0, 4.0
698.0, 513.0, 4.0
698.0, 513.0, 2.0
698.0, 610.0, -2.0
698.0, 610.0, 10.0
698.0, 610.0, -1.0
698.0, 619.0, 1.0
698.0, 619.0, 4.0
698.0, 619.0, 3.0
698.0, 745.0, 2.0
698.0, 745.0, 6.0
698.0, 745.0, -3.0
698.0, 745.0, -6.0
698.0, 634.0, 6.0
698.0, 634.0, 2.0
698.0, 634.0, -1.0
698.0, 706.0, 3.0
698.0, 706.0, -1.0
698.0, 706.0, -8.0
698.0, 783.0, -7.0
698.0, 783.0, 2.0
698.0, 783.0, -7.0
698.0, 640.0, 1.0
698.0, 640.0, -6.0
698.0, 640.0, 4.0
698.0, 634.0, 3.0
698.0, 634.0, -4.0
698.0, 634.0, 1.0
698.0, 634.0, -2.0
698.0, 767.0, -4.0
698.0, 767.0, -5.0
698.0, 730.0, -4.0
698.0, 730.0, 2.0
698.0, 730.0, -1.0
698.0, 629.0, 7.0
698.0, 629.0, 3.0
698.0, 629.0, 1.0
698.0, 624.0, -2.0
698.0, 624.0, 9.0
698.0, 624.0, -2.0
698.0, 640.0, -1.0
698.0, 640.0, -2.0
698.0, 640.0, 4.0
698.0, 634.0, 2.0
698.0, 634.0, 1.0
698.0, 634.0, -1.0
698.0, 629.0, 11.0
698.0, 629.0, 6.0
698.0, 629.0, -2.0
698.0, 629.0, 5.0
698.0, 649.0, 3.0
698.0, 649.0, -1.0
698.0, 649.0, -3.0
698.0, 649.0, -1.0
698.0, 618.0, -1.0
698.0, 618.0, -2.0
698.0, 618.0, 3.0
698.0, 783.0, -10.0
698.0, 783.0, 5.0
698.0, 783.0, -13.0
698.0, 767.0, 2.0
698.0, 767.0, 1.0
698.0, 618.0, 5.0
698.0, 618.0, -2.0
698.0, 618.0, 1.0
698.0, 640.0, 1.0
698.0, 640.0, -1.0
698.0, 640.0, -2.0
698.0, 640.0, 8.0
698.0, 640.0, -2.0
698.0, 640.0, 3.0
698.0, 640.0, -2.0
698.0, 783.0, -2.0
698.0, 783.0, -5.0
698.0, 783.0, 10.0
698.0, 706.0, -3.0
698.0, 706.0, 5.0
698.0, 706.0, -3.0
698.0, 783.0, 5.0
698.0, 783.0, 1.0
698.0, 783.0, -1.0
698.0, 783.0, 4.0
698.0, 649.0, 1.0
698.0, 649.0, 1.0
698.0, 649.0, 1.0
698.0, 640.0, -4.0
698.0, 640.0, 4.0
698.0, 640.0, -1.0
698.0, 610.0, 5.0
698.0, 610.0, 10.0
698.0, 610.0, 1.0
698.0, 634.0, 1.0
698.0, 634.0, -2.0
698.0, 634.0, 8.0
698.0, 619.0, 1.0
698.0, 619.0, -2.0
698.0, 619.0, -1.0
698.0, 634.0, -3.0
698.0, 634.0, -5.0
698.0, 634.0, -2.0
745.0, 712.0, 3.0
745.0, 712.0, 1.0
745.0, 712.0, -2.0
745.0, 700.0, -4.0
745.0, 700.0, -6.0
745.0, 700.0, 13.0
745.0, 650.0, -5.0
745.0, 650.0, -13.0
745.0, 610.0, -1.0
745.0, 610.0, 13.0
745.0, 610.0, 1.0
745.0, 648.0, -1.0
745.0, 648.0, -9.0
745.0, 648.0, 7.0
745.0, 648.0, 9.0
745.0, 610.0, 12.0
745.0, 610.0, 6.0
745.0, 614.0, 1.0
745.0, 614.0, 4.0
745.0, 614.0, -2.0
745.0, 767.0, 4.0
745.0, 767.0, 1.0
745.0, 767.0, 1.0
745.0, 767.0, 7.0
745.0, 796.0, -6.0
745.0, 796.0, 1.0
745.0, 796.0, 1.0
745.0, 650.0, 1.0
745.0, 650.0, -7.0
745.0, 610.0, -4.0
745.0, 610.0, 6.0
745.0, 624.0, 3.0
745.0, 624.0, 1.0
745.0, 624.0, 6.0
745.0, 624.0, 2.0
745.0, 796.0, -4.0
745.0, 796.0, -4.0
745.0, 700.0, -7.0
745.0, 700.0, 5.0
745.0, 700.0, -8.0
745.0, 650.0, -3.0
745.0, 650.0, -1.0
745.0, 650.0, -2.0
745.0, 796.0, -2.0
745.0, 796.0, -2.0
745.0, 796.0, -3.0
745.0, 730.0, -3.0
745.0, 730.0, 3.0
745.0, 730.0, 3.0
745.0, 656.0, 1.0
745.0, 656.0, -1.0
745.0, 656.0, 2.0
745.0, 648.0, -1.0
745.0, 648.0, 1.0
745.0, 648.0, 3.0
745.0, 614.0, 4.0
745.0, 614.0, 1.0
745.0, 614.0, -2.0
745.0, 648.0, 1.0
745.0, 648.0, -1.0
745.0, 648.0, -3.0
745.0, 796.0, -7.0
745.0, 796.0, -5.0
745.0, 796.0, 3.0
745.0, 796.0, -2.0
745.0, 712.0, 3.0
745.0, 712.0, -1.0
745.0, 712.0, 2.0
745.0, 648.0, 3.0
745.0, 648.0, 2.0
745.0, 648.0, 2.0
745.0, 614.0, -1.0
745.0, 614.0, -1.0
745.0, 614.0, 6.0
745.0, 624.0, -1.0
745.0, 624.0, -1.0
745.0, 624.0, 9.0
745.0, 730.0, 3.0
745.0, 730.0, 1.0
745.0, 730.0, 6.0
745.0, 513.0, -10.0
745.0, 513.0, 1.0
745.0, 513.0, 2.0
745.0, 796.0, -2.0
745.0, 796.0, -4.0
745.0, 796.0, -1.0
745.0, 796.0, -7.0
745.0, 733.0, -3.0
745.0, 733.0, -5.0
745.0, 733.0, 1.0
745.0, 614.0, -3.0
745.0, 614.0, 3.0
745.0, 614.0, 1.0
745.0, 767.0, -1.0
745.0, 767.0, 6.0
745.0, 767.0, -4.0
745.0, 733.0, 3.0
745.0, 733.0, 3.0
745.0, 733.0, 2.0
745.0, 614.0, -4.0
745.0, 614.0, 5.0
745.0, 614.0, 2.0
745.0, 796.0, -5.0
745.0, 796.0, -5.0
745.0, 796.0, 4.0
745.0, 619.0, 7.0
745.0, 619.0, 5.0
745.0, 619.0, -1.0
745.0, 648.0, 1.0
745.0, 648.0, -3.0
745.0, 648.0, -4.0
745.0, 648.0, -6.0
745.0, 648.0, 2.0
745.0, 648.0, -5.0
745.0, 610.0, 1.0
745.0, 610.0, 1.0
745.0, 610.0, 3.0
745.0, 610.0, 7.0
745.0, 614.0, 1.0
745.0, 614.0, 6.0
745.0, 614.0, 4.0
745.0, 614.0, 4.0
706.0, 640.0, -1.0
706.0, 640.0, 4.0
706.0, 640.0, 4.0
706.0, 618.0, 3.0
706.0, 618.0, 3.0
706.0, 618.0, 8.0
706.0, 629.0, -2.0
706.0, 629.0, -3.0
706.0, 629.0, -10.0
706.0, 618.0, 2.0
706.0, 618.0, 4.0
706.0, 618.0, 1.0
706.0, 619.0, 4.0
706.0, 619.0, 1.0
706.0, 619.0, 8.0
706.0, 649.0, 10.0
706.0, 649.0, -4.0
706.0, 649.0, 4.0
706.0, 700.0, -3.0
706.0, 700.0, 6.0
706.0, 700.0, -5.0
706.0, 650.0, 2.0
706.0, 650.0, -1.0
706.0, 650.0, -2.0
706.0, 783.0, -3.0
706.0, 783.0, -3.0
706.0, 783.0, 6.0
706.0, 629.0, -2.0
706.0, 629.0, 1.0
706.0, 629.0, 8.0
706.0, 629.0, 5.0
706.0, 629.0, 5.0
706.0, 629.0, -1.0
706.0, 629.0, -4.0
706.0, 610.0, -1.0
706.0, 610.0, 1.0
706.0, 610.0, -3.0
706.0, 610.0, -2.0
706.0, 649.0, -2.0
706.0, 649.0, 1.0
706.0, 649.0, 5.0
706.0, 618.0, -1.0
706.0, 618.0, 1.0
706.0, 618.0, -2.0
706.0, 618.0, 1.0
706.0, 656.0, 5.0
706.0, 656.0, -4.0
706.0, 656.0, -1.0
706.0, 610.0, -1.0
706.0, 610.0, 5.0
706.0, 610.0, 3.0
706.0, 712.0, -2.0
706.0, 712.0, -5.0
706.0, 712.0, -3.0
706.0, 656.0, -4.0
706.0, 656.0, -1.0
706.0, 656.0, 6.0
706.0, 656.0, 1.0
706.0, 619.0, -1.0
706.0, 629.0, 3.0
706.0, 629.0, 1.0
706.0, 629.0, -3.0
706.0, 649.0, -8.0
706.0, 649.0, -2.0
706.0, 649.0, 4.0
706.0, 618.0, 2.0
706.0, 618.0, -1.0
706.0, 618.0, 1.0
706.0, 649.0, -5.0
706.0, 649.0, 3.0
706.0, 649.0, -1.0
706.0, 649.0, 2.0
706.0, 513.0, -2.0
706.0, 513.0, -2.0
706.0, 513.0, 1.0
706.0, 513.0, -2.0
706.0, 640.0, 5.0
706.0, 640.0, -2.0
706.0, 640.0, 1.0
706.0, 634.0, 2.0
706.0, 634.0, -3.0
706.0, 634.0, -4.0
706.0, 619.0, -1.0
706.0, 619.0, -5.0
706.0, 619.0, -1.0
706.0, 634.0, 9.0
706.0, 634.0, 2.0
706.0, 634.0, 1.0
706.0, 618.0, 12.0
706.0, 618.0, -2.0
706.0, 618.0, 2.0
706.0, 610.0, -1.0
706.0, 610.0, 2.0
706.0, 610.0, -1.0
706.0, 610.0, -1.0
706.0, 513.0, 1.0
706.0, 513.0, -3.0
706.0, 513.0, 1.0
706.0, 629.0, 5.0
706.0, 629.0, -2.0
706.0, 629.0, 1.0
706.0, 649.0, -2.0
706.0, 649.0, -3.0
706.0, 649.0, 2.0
706.0, 618.0, -1.0
706.0, 618.0, -1.0
706.0, 618.0, -3.0
706.0, 629.0, -1.0
706.0, 629.0, 1.0
706.0, 629.0, -1.0
706.0, 783.0, 4.0
706.0, 783.0, -7.0
706.0, 783.0, -1.0
706.0, 783.0, 1.0
706.0, 649.0, -11.0
706.0, 649.0, 1.0
706.0, 649.0, 1.0
796.0, 614.0, 2.0
796.0, 614.0, -1.0
796.0, 614.0, -6.0
796.0, 650.0, 5.0
796.0, 650.0, 4.0
796.0, 650.0, -7.0
796.0, 712.0, 4.0
796.0, 712.0, -2.0
796.0, 712.0, 10.0
796.0, 767.0, -1.0
796.0, 767.0, 4.0
796.0, 767.0, 9.0
796.0, 624.0, 4.0
796.0, 624.0, 1.0
796.0, 624.0, -2.0
796.0, 733.0, -7.0
796.0, 733.0, -10.0
796.0, 733.0, -1.0
796.0, 648.0, 2.0
796.0, 648.0, -5.0
796.0, 614.0, 1.0
796.0, 614.0, 5.0
796.0, 614.0, -4.0
796.0, 610.0, 4.0
796.0, 610.0, 1.0
796.0, 610.0, 15.0
796.0, 610.0, 9.0
796.0, 656.0, -2.0
796.0, 656.0, -1.0
796.0, 610.0, 5.0
796.0, 610.0, 4.0
796.0, 610.0, -2.0
796.0, 730.0, -6.0
796.0, 730.0, 1.0
796.0, 730.0, -5.0
796.0, 730.0, -3.0
796.0, 614.0, 1.0
796.0, 614.0, 6.0
796.0, 614.0, -1.0
796.0, 614.0, 5.0
796.0, 634.0, 1.0
796.0, 634.0, -1.0
796.0, 634.0, -2.0
796.0, 634.0, -1.0
796.0, 700.0, 9.0
796.0, 700.0, -3.0
796.0, 700.0, 3.0
796.0, 648.0, -1.0
796.0, 648.0, 1.0
796.0, 648.0, -1.0
796.0, 614.0, 4.0
796.0, 614.0, -3.0
796.0, 614.0, 3.0
796.0, 733.0, -6.0
796.0, 733.0, -3.0
796.0, 733.0, -2.0
796.0, 700.0, 3.0
796.0, 700.0, -1.0
796.0, 700.0, -2.0
796.0, 712.0, -5.0
796.0, 712.0, 1.0
796.0, 712.0, 4.0
796.0, 712.0, 10.0
796.0, 730.0, 5.0
796.0, 730.0, -6.0
796.0, 730.0, 5.0
796.0, 648.0, -1.0
796.0, 648.0, -1.0
796.0, 648.0, 3.0
796.0, 610.0, 1.0
796.0, 610.0, 10.0
796.0, 610.0, 8.0
796.0, 656.0, 4.0
796.0, 656.0, 10.0
796.0, 650.0, -1.0
796.0, 650.0, 6.0
796.0, 650.0, -1.0
796.0, 648.0, 3.0
796.0, 648.0, -1.0
796.0, 648.0, -3.0
796.0, 648.0, 1.0
796.0, 648.0, 3.0
796.0, 614.0, -3.0
796.0, 614.0, 6.0
796.0, 614.0, -1.0
796.0, 619.0, 5.0
796.0, 619.0, 3.0
796.0, 619.0, 8.0
796.0, 767.0, -2.0
796.0, 767.0, -3.0
796.0, 767.0, -10.0
796.0, 767.0, 1.0
796.0, 648.0, 14.0
796.0, 648.0, -1.0
796.0, 648.0, -3.0
796.0, 648.0, 3.0
796.0, 648.0, -1.0
796.0, 648.0, 1.0
796.0, 624.0, 2.0
796.0, 624.0, 4.0
796.0, 624.0, -8.0
796.0, 624.0, 1.0
796.0, 614.0, -1.0
796.0, 614.0, 2.0
796.0, 614.0, 1.0
796.0, 513.0, -1.0
796.0, 513.0, -1.0
796.0, 513.0, -1.0
610.0, 730.0, 6.0
610.0, 730.0, -7.0
610.0, 730.0, -4.0
610.0, 767.0, -5.0
610.0, 767.0, -3.0
610.0, 767.0, -6.0
610.0, 624.0, -3.0
610.0, 624.0, 7.0
610.0, 624.0, 5.0
610.0, 733.0, 5.0
610.0, 733.0, -1.0
610.0, 733.0, -3.0
610.0, 767.0, -9.0
610.0, 767.0, -1.0
610.0, 767.0, -2.0
610.0, 624.0, -6.0
610.0, 624.0, 1.0
610.0, 624.0, 7.0
610.0, 650.0, 8.0
610.0, 650.0, -3.0
610.0, 650.0, -1.0
610.0, 733.0, 1.0
610.0, 733.0, 2.0
610.0, 733.0, -1.0
610.0, 730.0, -2.0
610.0, 730.0, -1.0
610.0, 730.0, -5.0
610.0, 634.0, -1.0
610.0, 634.0, 2.0
610.0, 634.0, -1.0
610.0, 648.0, 1.0
610.0, 648.0, -4.0
610.0, 648.0, 2.0
610.0, 767.0, -1.0
610.0, 767.0, -6.0
610.0, 767.0, -4.0
610.0, 733.0, 3.0
610.0, 733.0, 2.0
610.0, 733.0, 1.0
610.0, 733.0, 1.0
610.0, 648.0, -2.0
610.0, 648.0, -5.0
610.0, 648.0, -2.0
610.0, 624.0, -1.0
610.0, 624.0, -4.0
610.0, 624.0, 5.0
610.0, 640.0, 9.0
610.0, 640.0, -2.0
610.0, 640.0, 3.0
610.0, 783.0, -8.0
610.0, 783.0, 1.0
610.0, 733.0, -2.0
610.0, 733.0, -5.0
610.0, 733.0, -2.0
610.0, 700.0, -12.0
610.0, 700.0, -8.0
610.0, 700.0, 3.0
610.0, 700.0, -2.0
610.0, 730.0, -5.0
610.0, 730.0, 4.0
610.0, 730.0, -1.0
610.0, 783.0, -4.0
610.0, 783.0, -1.0
610.0, 700.0, 1.0
610.0, 700.0, -1.0
610.0, 700.0, -5.0
610.0, 624.0, -3.0
610.0, 624.0, -2.0
610.0, 624.0, -7.0
610.0, 767.0, -1.0
610.0, 767.0, 1.0
610.0, 767.0, -1.0
610.0, 712.0, -4.0
610.0, 712.0, -6.0
610.0, 712.0, 2.0
610.0, 712.0, -1.0
610.0, 614.0, -1.0
610.0, 614.0, -2.0
610.0, 614.0, -1.0
610.0, 730.0, -4.0
610.0, 730.0, -1.0
610.0, 730.0, -5.0
610.0, 730.0, -1.0
610.0, 767.0, 1.0
610.0, 767.0, 1.0
610.0, 767.0, -5.0
610.0, 733.0, 6.0
610.0, 733.0, -1.0
610.0, 733.0, 2.0
610.0, 730.0, -11.0
610.0, 730.0, -2.0
610.0, 730.0, -1.0
610.0, 712.0, 8.0
610.0, 712.0, 3.0
610.0, 712.0, -1.0
610.0, 624.0, -1.0
610.0, 624.0, -6.0
610.0, 624.0, -2.0
610.0, 624.0, 2.0
610.0, 614.0, -4.0
610.0, 614.0, -3.0
610.0, 614.0, 1.0
610.0, 767.0, 1.0
610.0, 767.0, -2.0
610.0, 767.0, -1.0
610.0, 767.0, -5.0
610.0, 624.0, 2.0
610.0, 624.0, 11.0
610.0, 624.0, 5.0
610.0, 733.0, 2.0
610.0, 733.0, -4.0
610.0, 733.0, -1.0
610.0, 730.0, -12.0
610.0, 730.0, -1.0
610.0, 730.0, -4.0
610.0, 650.0, -1.0
610.0, 650.0, -1.0
610.0, 650.0, -4.0
648.0, 610.0, 9.0
648.0, 610.0, -1.0
648.0, 610.0, 1.0
648.0, 614.0, 2.0
648.0, 614.0, 3.0
648.0, 614.0, 3.0
648.0, 712.0, -4.0
648.0, 712.0, -1.0
648.0, 712.0, 1.0
648.0, 700.0, 6.0
648.0, 700.0, 1.0
648.0, 650.0, -5.0
648.0, 650.0, -1.0
648.0, 650.0, -2.0
648.0, 733.0, 7.0
648.0, 733.0, -4.0
648.0, 733.0, 4.0
648.0, 767.0, -1.0
648.0, 767.0, -1.0
648.0, 767.0, -1.0
648.0, 733.0, -1.0
648.0, 733.0, -3.0
648.0, 733.0, -7.0
648.0, 733.0, -3.0
648.0, 783.0, -3.0
648.0, 783.0, -3.0
648.0, 783.0, -2.0
648.0, 783.0, 2.0
648.0, 730.0, -5.0
648.0, 730.0, 3.0
648.0, 730.0, -2.0
648.0, 614.0, -3.0
648.0, 614.0, 3.0
648.0, 614.0, 4.0
648.0, 700.0, 9.0
648.0, 700.0, 5.0
648.0, 700.0, -2.0
648.0, 700.0, 2.0
648.0, 614.0, -2.0
648.0, 614.0, 6.0
648.0, 614.0, -4.0
648.0, 614.0, 1.0
648.0, 767.0, -3.0
648.0, 767.0, 1.0
648.0, 767.0, -6.0
648.0, 650.0, 4.0
648.0, 650.0, 2.0
648.0, 650.0, -7.0
648.0, 650.0, -4.0
648.0, 614.0, 5.0
648.0, 614.0, 1.0
648.0, 614.0, 5.0
648.0, 619.0, -2.0
648.0, 619.0, 1.0
648.0, 619.0, 4.0
648.0, 614.0, 13.0
648.0, 614.0, -7.0
648.0, 614.0, 3.0
648.0, 513.0, 4.0
648.0, 513.0, -1.0
648.0, 513.0, -3.0
648.0, 656.0, -1.0
648.0, 656.0, -5.0
648.0, 656.0, 2.0
648.0, 700.0, 10.0
648.0, 614.0, 5.0
648.0, 614.0, 7.0
648.0, 614.0, 2.0
648.0, 712.0, -1.0
648.0, 712.0, -2.0
648.0, 712.0, 5.0
648.0, 624.0, 2.0
648.0, 624.0, 1.0
648.0, 624.0, -2.0
648.0, 624.0, 1.0
648.0, 730.0, 1.0
648.0, 730.0, -2.0
648.0, 730.0, 4.0
648.0, 624.0, 1.0
648.0, 624.0, -4.0
648.0, 624.0, -6.0
733.0, 730.0, -1.0
733.0, 730.0, 4.0
733.0, 730.0, -4.0
733.0, 767.0, -4.0
733.0, 767.0, -6.0
733.0, 767.0, -7.0
733.0, 614.0, -6.0
733.0, 614.0, -2.0
733.0, 730.0, -1.0
733.0, 730.0, 1.0
733.0, 730.0, -8.0
733.0, 624.0, -6.0
733.0, 624.0, 3.0
733.0, 624.0, -1.0
733.0, 624.0, -1.0
733.0, 767.0, -2.0
733.0, 767.0, -4.0
733.0, 767.0, 1.0
733.0, 624.0, 12.0
733.0, 624.0, 6.0
733.0, 649.0, -1.0
733.0, 649.0, -3.0
733.0, 649.0, 1.0
733.0, 649.0, 1.0
733.0, 650.0, 3.0
733.0, 650.0, 4.0
733.0, 650.0, -1.0
733.0, 624.0, 8.0
733.0, 624.0, -1.0
733.0, 624.0, 1.0
733.0, 624.0, 1.0
733.0, 634.0, -3.0
733.0, 634.0, -5.0
733.0, 634.0, -1.0
733.0, 783.0, 4.0
733.0, 783.0, -10.0
733.0, 783.0, 1.0
733.0, 624.0, -5.0
733.0, 624.0, -6.0
733.0, 624.0, -1.0
733.0, 767.0, 3.0
733.0, 767.0, 2.0
733.0, 767.0, -6.0
733.0, 614.0, -1.0
733.0, 614.0, -7.0
733.0, 614.0, 1.0
733.0, 767.0, 5.0
733.0, 767.0, -2.0
733.0, 767.0, -2.0
733.0, 767.0, -4.0
733.0, 730.0, -1.0
733.0, 730.0, -3.0
733.0, 730.0, -1.0
733.0, 712.0, 6.0
733.0, 712.0, 2.0
733.0, 712.0, 4.0
733.0, 712.0, -1.0
733.0, 730.0, -3.0
733.0, 730.0, -5.0
733.0, 730.0, -7.0
733.0, 650.0, -1.0
733.0, 650.0, -7.0
733.0, 650.0, -8.0
733.0, 650.0, 4.0
733.0, 624.0, 2.0
733.0, 624.0, 4.0
733.0, 624.0, 6.0
733.0, 700.0, 1.0
733.0, 700.0, -3.0
733.0, 700.0, 2.0
733.0, 640.0, 5.0
733.0, 640.0, 1.0
733.0, 640.0, 2.0
733.0, 700.0, 9.0
733.0, 700.0, -6.0
733.0, 700.0, -2.0
733.0, 700.0, 4.0
733.0, 730.0, 1.0
733.0, 730.0, 5.0
733.0, 730.0, -1.0
733.0, 614.0, -3.0
733.0, 712.0, 6.0
733.0, 712.0, 1.0
733.0, 712.0, 1.0
733.0, 767.0, 11.0
733.0, 767.0, -1.0
733.0, 767.0, 1.0
733.0, 624.0, 1.0
733.0, 624.0, 1.0
733.0, 624.0, -1.0
733.0, 767.0, -5.0
733.0, 767.0, 3.0
733.0, 767.0, 2.0
733.0, 730.0, -1.0
733.0, 730.0, -2.0
733.0, 730.0, -3.0
733.0, 730.0, -4.0
649.0, 629.0, 4.0
649.0, 629.0, -3.0
649.0, 629.0, -2.0
649.0, 634.0, 3.0
649.0, 634.0, 1.0
649.0, 634.0, 4.0
649.0, 618.0, -6.0
649.0, 618.0, 1.0
649.0, 618.0, 1.0
649.0, 618.0, -3.0
649.0, 618.0, -7.0
649.0, 618.0, -5.0
649.0, 619.0, 5.0
649.0, 619.0, -4.0
649.0, 619.0, 1.0
649.0, 640.0, 2.0
649.0, 640.0, -2.0
649.0, 640.0, 2.0
649.0, 629.0, -1.0
649.0, 629.0, -1.0
649.0, 629.0, -1.0
649.0, 513.0, -1.0
649.0, 513.0, 6.0
649.0, 513.0, 2.0
649.0, 656.0, -4.0
649.0, 656.0, 2.0
649.0, 656.0, 2.0
649.0, 640.0, 2.0
649.0, 640.0, -3.0
649.0, 640.0, 7.0
649.0, 783.0, -7.0
649.0, 783.0, 2.0
649.0, 783.0, -2.0
649.0, 618.0, 1.0
649.0, 618.0, 2.0
649.0, 618.0, -4.0
649.0, 634.0, -3.0
649.0, 634.0, 2.0
649.0, 634.0, -3.0
649.0, 650.0, -2.0
649.0, 650.0, 6.0
649.0, 618.0, -3.0
649.0, 618.0, -3.0
649.0, 618.0, 5.0
649.0, 618.0, 2.0
649.0, 629.0, 2.0
649.0, 629.0, 1.0
649.0, 629.0, 2.0
649.0, 610.0, 2.0
649.0, 610.0, -15.0
649.0, 610.0, 1.0
649.0, 610.0, 5.0
649.0, 629.0, 8.0
649.0, 629.0, -2.0
649.0, 629.0, 3.0
649.0, 656.0, 1.0
649.0, 656.0, 2.0
649.0, 656.0, 7.0
649.0, 712.0, 9.0
649.0, 712.0, 1.0
649.0, 712.0, 5.0
649.0, 650.0, 1.0
649.0, 650.0, -3.0
649.0, 783.0, 1.0
649.0, 783.0, -4.0
649.0, 783.0, 9.0
649.0, 783.0, 4.0
649.0, 700.0, 1.0
649.0, 700.0, 5.0
649.0, 700.0, 6.0
649.0, 619.0, 2.0
649.0, 619.0, 2.0
649.0, 619.0, 1.0
649.0, 610.0, 4.0
649.0, 610.0, 5.0
649.0, 610.0, -1.0
649.0, 513.0, -4.0
649.0, 513.0, 2.0
649.0, 513.0, 3.0
649.0, 513.0, 6.0
649.0, 618.0, 7.0
649.0, 618.0, 1.0
649.0, 618.0, 1.0
649.0, 629.0, 1.0
649.0, 629.0, -2.0
649.0, 629.0, -16.0
649.0, 629.0, -1.0
649.0, 618.0, -2.0
649.0, 618.0, 4.0
649.0, 618.0, 1.0
649.0, 629.0, 1.0
649.0, 629.0, -2.0
649.0, 629.0, -1.0
513.0, 656.0, -2.0
513.0, 656.0, -3.0
513.0, 656.0, -5.0
513.0, 619.0, 2.0
513.0, 619.0, -4.0
513.0, 619.0, -1.0
513.0, 610.0, -2.0
513.0, 610.0, 1.0
513.0, 610.0, -1.0
513.0, 656.0, -7.0
513.0, 656.0, 6.0
513.0, 656.0, -5.0
513.0, 614.0, -1.0
513.0, 614.0, 3.0
513.0, 619.0, 1.0
513.0, 619.0, 1.0
513.0, 619.0, -1.0
513.0, 610.0, -5.0
513.0, 610.0, -3.0
513.0, 610.0, 2.0
513.0, 610.0, 12.0
513.0, 618.0, -5.0
513.0, 618.0, -4.0
513.0, 618.0, -1.0
513.0, 610.0, 4.0
513.0, 610.0, -4.0
513.0, 610.0, -3.0
513.0, 700.0, -4.0
513.0, 700.0, -1.0
513.0, 700.0, -2.0
513.0, 700.0, -3.0
513.0, 619.0, 4.0
513.0, 619.0, 7.0
513.0, 619.0, 5.0
513.0, 610.0, -5.0
513.0, 610.0, -4.0
513.0, 610.0, -5.0
513.0, 619.0, 1.0
513.0, 619.0, 4.0
513.0, 640.0, -5.0
513.0, 640.0, 1.0
513.0, 640.0, -9.0
513.0, 783.0, 1.0
513.0, 783.0, -6.0
513.0, 783.0, 5.0
513.0, 629.0, 1.0
513.0, 629.0, 3.0
513.0, 629.0, -1.0
513.0, 629.0, 5.0
513.0, 614.0, 2.0
513.0, 614.0, 2.0
513.0, 618.0, -7.0
513.0, 618.0, 6.0
513.0, 618.0, 4.0
513.0, 618.0, 4.0
513.0, 783.0, -3.0
513.0, 783.0, -1.0
513.0, 783.0, -1.0
513.0, 656.0, 5.0
513.0, 656.0, 1.0
513.0, 656.0, -3.0
513.0, 640.0, -2.0
513.0, 640.0, -6.0
513.0, 640.0, -1.0
513.0, 634.0, 2.0
513.0, 634.0, -3.0
513.0, 634.0, 1.0
513.0, 619.0, -1.0
513.0, 619.0, -2.0
513.0, 619.0, 1.0
513.0, 619.0, 3.0
513.0, 634.0, -1.0
513.0, 634.0, -2.0
513.0, 634.0, -1.0
513.0, 629.0, -4.0
513.0, 629.0, -2.0
513.0, 629.0, 1.0
513.0, 656.0, -1.0
513.0, 656.0, -1.0
513.0, 656.0, -9.0
513.0, 656.0, 7.0
513.0, 656.0, -7.0
513.0, 656.0, -2.0
513.0, 619.0, -1.0
513.0, 619.0, 3.0
513.0, 619.0, -2.0
513.0, 619.0, -1.0
513.0, 610.0, -10.0
513.0, 610.0, -2.0
513.0, 610.0, 1.0
513.0, 656.0, -1.0
513.0, 656.0, -8.0
513.0, 656.0, 2.0
513.0, 656.0, -1.0
513.0, 610.0, 4.0
513.0, 610.0, -1.0
513.0, 610.0, 1.0
640.0, 783.0, -2.0
640.0, 783.0, -8.0
640.0, 783.0, 1.0
640.0, 629.0, 2.0
640.0, 629.0, 1.0
640.0, 629.0, 5.0
640.0, 618.0, 6.0
640.0, 618.0, 3.0
640.0, 618.0, -1.0
640.0, 634.0, 6.0
640.0, 634.0, 4.0
640.0, 634.0, -2.0
640.0, 783.0, -1.0
640.0, 783.0, -5.0
640.0, 783.0, -1.0
640.0, 783.0, -9.0
640.0, 730.0, 3.0
640.0, 730.0, -3.0
640.0, 634.0, 4.0
640.0, 634.0, -1.0
640.0, 634.0, -2.0
640.0, 634.0, -6.0
640.0, 783.0, -1.0
640.0, 783.0, 2.0
640.0, 783.0, -2.0
640.0, 634.0, 1.0
640.0, 634.0, -3.0
640.0, 634.0, -1.0
640.0, 614.0, -3.0
640.0, 614.0, -1.0
640.0, 614.0, -3.0
640.0, 614.0, -2.0
640.0, 610.0, 3.0
640.0, 610.0, 1.0
640.0, 610.0, -2.0
640.0, 767.0, -8.0
640.0, 767.0, 1.0
640.0, 767.0, -5.0
640.0, 610.0, -4.0
640.0, 610.0, 1.0
640.0, 610.0, 1.0
640.0, 610.0, 8.0
640.0, 634.0, -7.0
640.0, 634.0, -1.0
640.0, 634.0, -1.0
640.0, 656.0, -5.0
640.0, 656.0, 4.0
640.0, 656.0, 3.0
640.0, 656.0, -3.0
640.0, 619.0, -7.0
640.0, 619.0, 1.0
640.0, 619.0, -1.0
640.0, 618.0, -2.0
640.0, 618.0, -4.0
640.0, 618.0, 2.0
640.0, 618.0, -2.0
640.0, 656.0, -3.0
640.0, 656.0, -3.0
640.0, 656.0, 3.0
640.0, 629.0, -2.0
640.0, 629.0, 2.0
640.0, 629.0, 5.0
640.0, 629.0, -3.0
640.0, 624.0, 5.0
640.0, 624.0, 10.0
640.0, 624.0, -2.0
640.0, 730.0, 4.0
640.0, 730.0, -1.0
640.0, 783.0, -3.0
640.0, 783.0, 3.0
640.0, 783.0, -2.0
640.0, 634.0, 1.0
640.0, 634.0, -6.0
640.0, 634.0, 4.0
640.0, 634.0, -3.0
640.0, 634.0, -1.0
640.0, 634.0, 6.0
640.0, 783.0, -2.0
640.0, 783.0, -4.0
640.0, 783.0, 2.0
640.0, 783.0, -1.0
640.0, 783.0, -5.0
640.0, 783.0, 2.0
640.0, 619.0, 2.0
640.0, 619.0, 2.0
640.0, 619.0, 2.0
640.0, 619.0, -1.0
614.0, 619.0, -11.0
614.0, 619.0, -2.0
614.0, 730.0, -1.0
614.0, 730.0, -1.0
614.0, 730.0, 5.0
614.0, 730.0, 5.0
614.0, 624.0, -3.0
614.0, 624.0, 1.0
614.0, 624.0, 10.0
614.0, 656.0, 1.0
614.0, 656.0, -7.0
614.0, 656.0, -1.0
614.0, 610.0, 1.0
614.0, 610.0, 1.0
614.0, 610.0, -1.0
614.0, 650.0, -6.0
614.0, 650.0, -4.0
614.0, 650.0, -1.0
614.0, 650.0, -4.0
614.0, 712.0, -4.0
614.0, 712.0, 6.0
614.0, 712.0, -6.0
614.0, 700.0, -3.0
614.0, 700.0, -3.0
614.0, 700.0, -1.0
614.0, 700.0, -1.0
614.0, 650.0, -2.0
614.0, 650.0, 3.0
614.0, 650.0, 6.0
614.0, 624.0, -6.0
614.0, 624.0, 1.0
614.0, 624.0, 4.0
614.0, 624.0, -2.0
614.0, 619.0, -5.0
614.0, 730.0, 1.0
614.0, 730.0, -1.0
614.0, 730.0, 2.0
614.0, 712.0, -1.0
614.0, 712.0, -9.0
614.0, 712.0, -2.0
614.0, 767.0, 1.0
614.0, 767.0, -15.0
614.0, 767.0, -6.0
614.0, 700.0, -3.0
614.0, 700.0, -7.0
614.0, 700.0, 2.0
614.0, 767.0, -2.0
614.0, 767.0, -11.0
614.0, 767.0, -8.0
614.0, 767.0, -4.0
619.0, 618.0, 9.0
619.0, 618.0, 4.0
619.0, 618.0, -1.0
619.0, 610.0, 5.0
619.0, 610.0, -5.0
619.0, 610.0, -4.0
619.0, 656.0, 6.0
619.0, 656.0, -1.0
619.0, 656.0, 2.0
619.0, 610.0, -4.0
619.0, 610.0, -5.0
619.0, 610.0, -4.0
619.0, 634.0, 1.0
619.0, 634.0, -4.0
619.0, 634.0, -9.0
619.0, 634.0, -1.0
619.0, 783.0, -3.0
619.0, 783.0, -6.0
619.0, 783.0, -2.0
619.0, 783.0, 3.0
619.0, 650.0, 1.0
619.0, 650.0, 1.0
619.0, 650.0, 5.0
619.0, 650.0, 2.0
619.0, 656.0, -1.0
619.0, 656.0, 9.0
619.0, 783.0, -7.0
619.0, 783.0, 4.0
619.0, 783.0, -1.0
619.0, 610.0, 1.0
619.0, 610.0, -1.0
619.0, 610.0, 8.0
619.0, 656.0, -2.0
619.0, 656.0, 4.0
619.0, 656.0, -11.0
619.0, 629.0, 1.0
619.0, 629.0, 4.0
619.0, 629.0, 5.0
619.0, 634.0, -1.0
619.0, 634.0, -2.0
619.0, 634.0, 2.0
619.0, 610.0, -5.0
619.0, 610.0, 1.0
619.0, 610.0, 5.0
619.0, 656.0, 11.0
619.0, 656.0, -1.0
619.0, 656.0, -3.0
619.0, 656.0, -13.0
619.0, 618.0, 3.0
619.0, 618.0, 3.0
619.0, 618.0, -6.0
619.0, 618.0, -1.0
619.0, 610.0, -1.0
619.0, 610.0, 5.0
619.0, 610.0, -4.0
619.0, 610.0, 8.0
619.0, 656.0, 1.0
619.0, 656.0, 8.0
619.0, 656.0, -1.0
619.0, 656.0, -9.0
619.0, 656.0, -3.0
619.0, 656.0, -3.0
619.0, 656.0, -5.0
619.0, 629.0, -3.0
619.0, 629.0, 1.0
619.0, 629.0, -1.0
619.0, 610.0, 2.0
619.0, 610.0, 1.0
619.0, 610.0, 1.0
650.0, 712.0, 5.0
650.0, 712.0, 2.0
650.0, 712.0, -4.0
650.0, 700.0, -4.0
650.0, 700.0, 1.0
650.0, 700.0, -3.0
650.0, 712.0, 2.0
650.0, 712.0, 2.0
650.0, 712.0, 1.0
650.0, 712.0, 1.0
650.0, 767.0, -2.0
650.0, 767.0, 2.0
650.0, 767.0, -1.0
650.0, 624.0, 1.0
650.0, 624.0, -10.0
650.0, 624.0, -1.0
650.0, 712.0, 5.0
650.0, 712.0, 5.0
650.0, 700.0, 5.0
650.0, 700.0, 1.0
650.0, 700.0, -5.0
650.0, 624.0, 5.0
650.0, 624.0, -3.0
650.0, 624.0, 2.0
650.0, 624.0, 1.0
650.0, 767.0, -2.0
650.0, 767.0, -3.0
650.0, 767.0, -1.0
650.0, 700.0, -5.0
650.0, 700.0, 4.0
650.0, 700.0, 2.0
650.0, 700.0, -2.0
650.0, 730.0, 1.0
650.0, 730.0, -3.0
650.0, 730.0, -2.0
650.0, 730.0, -3.0
650.0, 730.0, 1.0
650.0, 730.0, -2.0
650.0, 730.0, 2.0
650.0, 700.0, -4.0
650.0, 700.0, -1.0
650.0, 700.0, 1.0
650.0, 618.0, -5.0
650.0, 618.0, 3.0
650.0, 618.0, -3.0
650.0, 712.0, 4.0
650.0, 712.0, 1.0
650.0, 712.0, 2.0
650.0, 712.0, 2.0
650.0, 700.0, -5.0
650.0, 700.0, -2.0
650.0, 700.0, 1.0
650.0, 712.0, -3.0
650.0, 712.0, 6.0
650.0, 712.0, -5.0
650.0, 712.0, -2.0
650.0, 712.0, 1.0
650.0, 712.0, -4.0
650.0, 629.0, 4.0
650.0, 629.0, 6.0
650.0, 629.0, -1.0
650.0, 700.0, -7.0
650.0, 700.0, -5.0
650.0, 700.0, -4.0
767.0, 624.0, -2.0
767.0, 624.0, -6.0
767.0, 624.0, 4.0
767.0, 624.0, 6.0
767.0, 700.0, -5.0
767.0, 700.0, -1.0
767.0, 700.0, -7.0
767.0, 624.0, -3.0
767.0, 624.0, 1.0
767.0, 624.0, -5.0
767.0, 730.0, 4.0
767.0, 730.0, -1.0
767.0, 730.0, -4.0
767.0, 730.0, 7.0
767.0, 730.0, 1.0
767.0, 730.0, -2.0
767.0, 629.0, 3.0
767.0, 629.0, 3.0
767.0, 629.0, 3.0
767.0, 629.0, -3.0
767.0, 624.0, -1.0
767.0, 624.0, -4.0
767.0, 624.0, 8.0
767.0, 730.0, -1.0
767.0, 730.0, 4.0
767.0, 730.0, -5.0
767.0, 730.0, -1.0
767.0, 624.0, 3.0
767.0, 624.0, -2.0
767.0, 624.0, -3.0
767.0, 783.0, 5.0
767.0, 783.0, -6.0
767.0, 783.0, 2.0
767.0, 634.0, 1.0
767.0, 634.0, 1.0
767.0, 634.0, -5.0
767.0, 712.0, 5.0
767.0, 712.0, -5.0
767.0, 712.0, -3.0
767.0, 730.0, -5.0
767.0, 730.0, 2.0
767.0, 730.0, -4.0
767.0, 712.0, 8.0
767.0, 712.0, -1.0
767.0, 712.0, 2.0
767.0, 712.0, 4.0
767.0, 624.0, 1.0
767.0, 624.0, -3.0
767.0, 624.0, -2.0
767.0, 700.0, 1.0
767.0, 700.0, 1.0
767.0, 700.0, 4.0
767.0, 730.0, 2.0
767.0, 730.0, -4.0
767.0, 730.0, 7.0
767.0, 730.0, 1.0
767.0, 730.0, 1.0
767.0, 730.0, 4.0
767.0, 624.0, 6.0
767.0, 624.0, -2.0
767.0, 624.0, 9.0
610.0, 783.0, -1.0
610.0, 783.0, 6.0
610.0, 783.0, -5.0
610.0, 783.0, 4.0
610.0, 634.0, 1.0
610.0, 634.0, -2.0
610.0, 634.0, -2.0
610.0, 634.0, -2.0
610.0, 629.0, 4.0
610.0, 629.0, 4.0
610.0, 629.0, -1.0
610.0, 656.0, -3.0
610.0, 656.0, 2.0
610.0, 656.0, -5.0
610.0, 656.0, 1.0
610.0, 656.0, 2.0
610.0, 656.0, -4.0
610.0, 618.0, -1.0
610.0, 618.0, 4.0
610.0, 618.0, 2.0
610.0, 634.0, 2.0
610.0, 634.0, -1.0
610.0, 634.0, 2.0
610.0, 656.0, 1.0
610.0, 656.0, 2.0
610.0, 656.0, -4.0
610.0, 656.0, 2.0
610.0, 783.0, -3.0
610.0, 783.0, -8.0
610.0, 783.0, -2.0
610.0, 629.0, 4.0
610.0, 629.0, -7.0
610.0, 629.0, -1.0
610.0, 656.0, -7.0
610.0, 656.0, -3.0
610.0, 656.0, -6.0
610.0, 656.0, 1.0
610.0, 656.0, -3.0
610.0, 656.0, -1.0
610.0, 618.0, -6.0
610.0, 618.0, 2.0
610.0, 618.0, 5.0
610.0, 656.0, -5.0
610.0, 656.0, 1.0
610.0, 656.0, -9.0
634.0, 783.0, -4.0
634.0, 783.0, 5.0
634.0, 783.0, -8.0
634.0, 783.0, 2.0
634.0, 783.0, 9.0
634.0, 656.0, 2.0
634.0, 656.0, -1.0
634.0, 656.0, -4.0
634.0, 624.0, 3.0
634.0, 624.0, -1.0
634.0, 629.0, 6.0
634.0, 629.0, 4.0
634.0, 629.0, -10.0
634.0, 624.0, 5.0
634.0, 624.0, 2.0
634.0, 656.0, 1.0
634.0, 656.0, 4.0
634.0, 656.0, 2.0
634.0, 656.0, -2.0
634.0, 783.0, 7.0
634.0, 783.0, 1.0
634.0, 783.0, 6.0
634.0, 783.0, 1.0
634.0, 783.0, -13.0
634.0, 783.0, -1.0
634.0, 783.0, 4.0
634.0, 783.0, -1.0
634.0, 618.0, 2.0
634.0, 618.0, 7.0
634.0, 618.0, -1.0
634.0, 629.0, 5.0
634.0, 629.0, 2.0
634.0, 629.0, -3.0
634.0, 629.0, -4.0
634.0, 783.0, 5.0
634.0, 783.0, 6.0
634.0, 783.0, -5.0
634.0, 783.0, -4.0
634.0, 783.0, -5.0
634.0, 783.0, -7.0
634.0, 730.0, 1.0
634.0, 730.0, 1.0
634.0, 730.0, 2.0
634.0, 618.0, -2.0
634.0, 618.0, -3.0
634.0, 618.0, -1.0
634.0, 618.0, 9.0
618.0, 629.0, -1.0
618.0, 629.0, -2.0
618.0, 629.0, -5.0
618.0, 629.0, 1.0
618.0, 629.0, 1.0
618.0, 629.0, 2.0
618.0, 700.0, -3.0
618.0, 700.0, -1.0
618.0, 700.0, -2.0
618.0, 656.0, -4.0
618.0, 656.0, -1.0
618.0, 656.0, 1.0
618.0, 656.0, 9.0
618.0, 783.0, 2.0
618.0, 783.0, -8.0
618.0, 783.0, -2.0
618.0, 624.0, -9.0
618.0, 624.0, 5.0
618.0, 624.0, 1.0
618.0, 624.0, -6.0
618.0, 712.0, 1.0
618.0, 712.0, 1.0
618.0, 712.0, -3.0
618.0, 629.0, 2.0
618.0, 629.0, -1.0
618.0, 629.0, -2.0
618.0, 656.0, -3.0
618.0, 656.0, -1.0
618.0, 656.0, -4.0
618.0, 629.0, -2.0
618.0, 629.0, -9.0
618.0, 629.0, -9.0
618.0, 629.0, 9.0
618.0, 783.0, -3.0
618.0, 783.0, 2.0
618.0, 783.0, -1.0
618.0, 629.0, 3.0
618.0, 629.0, 1.0
618.0, 629.0, -8.0
618.0, 629.0, -4.0
618.0, 629.0, 6.0
618.0, 629.0, -1.0
629.0, 783.0, 1.0
629.0, 783.0, -3.0
629.0, 783.0, -11.0
629.0, 712.0, -4.0
629.0, 712.0, -8.0
629.0, 656.0, 8.0
629.0, 656.0, 2.0
629.0, 656.0, -1.0
629.0, 783.0, -8.0
629.0, 783.0, -6.0
629.0, 783.0, 2.0
629.0, 712.0, 1.0
629.0, 712.0, -4.0
629.0, 700.0, 3.0
629.0, 700.0, -1.0
629.0, 700.0, -1.0
629.0, 656.0, -2.0
629.0, 656.0, -1.0
629.0, 656.0, 1.0
624.0, 730.0, -1.0
624.0, 730.0, 2.0
624.0, 730.0, -2.0
624.0, 730.0, 1.0
624.0, 730.0, -7.0
624.0, 730.0, -5.0
624.0, 730.0, -8.0
624.0, 712.0, 4.0
624.0, 712.0, 7.0
624.0, 712.0, -8.0
624.0, 730.0, -4.0
624.0, 730.0, -3.0
624.0, 730.0, 1.0
624.0, 730.0, 7.0
624.0, 730.0, 2.0
624.0, 730.0, -1.0
624.0, 712.0, -2.0
624.0, 712.0, -5.0
624.0, 712.0, 2.0
624.0, 700.0, 1.0
624.0, 700.0, -1.0
624.0, 700.0, -6.0
624.0, 730.0, 2.0
624.0, 730.0, -12.0
624.0, 730.0, 1.0
624.0, 730.0, -5.0
624.0, 730.0, -1.0
624.0, 730.0, -8.0
624.0, 700.0, 2.0
624.0, 700.0, 4.0
624.0, 700.0, -3.0
624.0, 783.0, -1.0
624.0, 783.0, 3.0
624.0, 783.0, -10.0
783.0, 656.0, 1.0
783.0, 656.0, 2.0
783.0, 656.0, 2.0
783.0, 730.0, -2.0
783.0, 730.0, -2.0
783.0, 730.0, -1.0
783.0, 656.0, 1.0
783.0, 656.0, 2.0
783.0, 656.0, 3.0
700.0, 730.0, -1.0
700.0, 730.0, -5.0
700.0, 730.0, 2.0
700.0, 712.0, -1.0
700.0, 712.0, -2.0
700.0, 712.0, 6.0
700.0, 712.0, 1.0
700.0, 712.0, -2.0
700.0, 712.0, 1.0
700.0, 712.0, -1.0
700.0, 712.0, 3.0
700.0, 712.0, 4.0
700.0, 712.0, -3.0
700.0, 712.0, 3.0
700.0, 712.0, 1.0
700.0, 712.0, 1.0
700.0, 712.0, 1.0
700.0, 712.0, -4.0
700.0, 712.0, 1.0
700.0, 730.0, 4.0
700.0, 730.0, -6.0
700.0, 730.0, 1.0
700.0, 730.0, -6.0
700.0, 712.0, -3.0
700.0, 712.0, -5.0
700.0, 712.0, 1.0
700.0, 730.0, 3.0
730.0, 712.0, -5.0
730.0, 712.0, -1.0
730.0, 712.0, 2.0
730.0, 712.0, -2.0
730.0, 712.0, -8.0
730.0, 712.0, -5.0
730.0, 712.0, -5.0
