55.0, -16.0, -3.0
55.0, 19.0, 4.0
55.0, 110.0, -24.0
55.0, -101.0, 3.0
55.0, 125.0, 16.0
55.0, 134.0, -12.0
55.0, 186.0, -12.0
55.0, -90.0, 14.0
55.0, -152.0, 3.0
55.0, -202.0, 13.0
55.0, 55.0, 29.0
55.0, 60.0, -3.0
55.0, -16.0, 20.0
55.0, -19.0, 3.0
55.0, 186.0, 7.0
55.0, 134.0, -3.0
-90.0, 110.0, -6.0
-90.0, -16.0, 7.0
-90.0, -18.0, -4.0
-90.0, 106.0, -7.0
-90.0, -97.0, -2.0
-90.0, -101.0, 8.0
-90.0, 125.0, -24.0
-90.0, 186.0, -23.0
-90.0, -101.0, -13.0
-90.0, 110.0, -4.0
-90.0, -49.0, 3.0
-90.0, -11.0, -1.0
-90.0, -144.0, 1.0
-90.0, 134.0, -10.0
-90.0, 125.0, -1.0
-32.0, 207.0, -22.0
-32.0, -98.0, 8.0
-32.0, -152.0, 21.0
-32.0, -49.0, -3.0
-32.0, -18.0, 3.0
-32.0, -11.0, -2.0
-32.0, 9.0, -3.0
-32.0, -98.0, -6.0
-32.0, 125.0, 3.0
-32.0, -33.0, -3.0
-32.0, -97.0, 16.0
-32.0, 9.0, 2.0
-32.0, -89.0, 3.0
-32.0, 19.0, 2.0
-32.0, 106.0, -34.0
-32.0, 125.0, -17.0
-49.0, 106.0, -2.0
-49.0, 125.0, 1.0
-49.0, -97.0, -7.0
-49.0, -98.0, -13.0
-49.0, 125.0, -3.0
-49.0, -18.0, 2.0
-49.0, 110.0, -18.0
-49.0, 125.0, -10.0
-49.0, 9.0, -13.0
-49.0, -97.0, 23.0
-49.0, -101.0, -21.0
-49.0, -202.0, 7.0
-49.0, -18.0, 19.0
-49.0, 106.0, -14.0
125.0, 186.0, -5.0
125.0, -89.0, 38.0
125.0, -89.0, 25.0
125.0, -16.0, 15.0
125.0, -101.0, 18.0
125.0, 134.0, 1.0
125.0, 106.0, 4.0
125.0, -18.0, 4.0
125.0, -101.0, 21.0
125.0, 110.0, -18.0
125.0, -97.0, 10.0
125.0, 110.0, 4.0
-33.0, 125.0, 3.0
-33.0, -89.0, 1.0
-33.0, 9.0, 17.0
-33.0, 19.0, -8.0
-33.0, 110.0, -8.0
-33.0, -89.0, 6.0
-33.0, -144.0, -4.0
-33.0, -11.0, 7.0
-33.0, 19.0, -2.0
-33.0, -16.0, -21.0
-33.0, -89.0, -3.0
-33.0, 7.0, 17.0
-33.0, -98.0, 7.0
-33.0, 60.0, -43.0
-33.0, -11.0, -5.0
125.0, 9.0, 10.0
125.0, -11.0, 4.0
125.0, -98.0, -11.0
125.0, 106.0, 7.0
125.0, 19.0, 3.0
125.0, -97.0, 40.0
125.0, -18.0, -2.0
125.0, -98.0, 21.0
125.0, 48.0, 7.0
125.0, 55.0, 14.0
125.0, 9.0, -10.0
125.0, -89.0, 28.0
-98.0, -18.0, -13.0
-98.0, -89.0, 4.0
-98.0, 19.0, -14.0
-98.0, -11.0, -18.0
-98.0, 125.0, -6.0
-98.0, 9.0, -16.0
-98.0, -202.0, -4.0
-98.0, 106.0, -1.0
-98.0, -97.0, -11.0
-98.0, 9.0, -13.0
7.0, -89.0, 5.0
7.0, 125.0, -1.0
7.0, -16.0, 24.0
7.0, 48.0, -9.0
7.0, 207.0, -3.0
7.0, -144.0, 15.0
7.0, 60.0, 14.0
7.0, 19.0, -1.0
7.0, -89.0, 4.0
7.0, 110.0, -32.0
7.0, -89.0, 3.0
7.0, -131.0, 7.0
7.0, -11.0, -1.0
7.0, -144.0, 1.0
7.0, 60.0, -2.0
207.0, -89.0, 18.0
207.0, -131.0, 16.0
207.0, 60.0, 32.0
207.0, -202.0, 16.0
207.0, 55.0, -6.0
207.0, -144.0, 24.0
207.0, 48.0, 8.0
207.0, 125.0, 10.0
207.0, 106.0, -3.0
207.0, 125.0, 7.0
207.0, -19.0, 23.0
207.0, 48.0, -7.0
207.0, -152.0, 24.0
207.0, -131.0, 20.0
19.0, -89.0, 10.0
19.0, -144.0, 7.0
19.0, -11.0, -13.0
19.0, 9.0, -10.0
19.0, -101.0, -3.0
19.0, -11.0, 30.0
19.0, 60.0, -14.0
19.0, -89.0, -3.0
19.0, -89.0, -1.0
-11.0, 134.0, -6.0
-11.0, -144.0, 18.0
-11.0, -89.0, 13.0
-11.0, 60.0, -14.0
-11.0, -89.0, -14.0
-11.0, -89.0, 0.0
-11.0, 9.0, -7.0
-152.0, 48.0, 3.0
-152.0, -19.0, 6.0
-152.0, 186.0, -3.0
-152.0, 134.0, -31.0
-152.0, -16.0, -25.0
-152.0, 125.0, -1.0
-152.0, 55.0, -3.0
-152.0, -131.0, -5.0
-152.0, -202.0, -7.0
-152.0, 106.0, -3.0
-152.0, -202.0, -7.0
-152.0, 55.0, -22.0
-152.0, -19.0, -6.0
55.0, -131.0, 4.0
55.0, -18.0, -4.0
55.0, 134.0, 20.0
55.0, -202.0, 34.0
55.0, 186.0, 6.0
55.0, 48.0, -10.0
55.0, -16.0, -30.0
55.0, -19.0, 3.0
55.0, -19.0, 8.0
55.0, 125.0, 16.0
55.0, -202.0, 20.0
-202.0, 125.0, -26.0
-202.0, -131.0, -10.0
-202.0, 186.0, -28.0
-202.0, -16.0, -14.0
-202.0, 48.0, -18.0
-202.0, 134.0, -32.0
-202.0, -19.0, 2.0
-202.0, -19.0, -4.0
125.0, 60.0, 10.0
125.0, -89.0, 24.0
125.0, -19.0, 9.0
125.0, -131.0, 17.0
125.0, 48.0, -3.0
125.0, -144.0, 35.0
125.0, -131.0, 25.0
125.0, 48.0, -3.0
-18.0, 110.0, -21.0
-18.0, 106.0, -10.0
-18.0, -101.0, -3.0
-18.0, 48.0, 4.0
-18.0, -97.0, 20.0
-18.0, 9.0, 6.0
-18.0, 106.0, 4.0
-18.0, -97.0, -13.0
-89.0, 9.0, 7.0
-89.0, -89.0, -16.0
-89.0, -144.0, 7.0
-89.0, 186.0, -21.0
-89.0, 60.0, 18.0
106.0, -97.0, 3.0
106.0, -101.0, 20.0
106.0, 110.0, 3.0
106.0, -97.0, -3.0
106.0, 9.0, 24.0
110.0, -101.0, 2.0
110.0, -97.0, -6.0
110.0, 134.0, 3.0
110.0, 186.0, -27.0
110.0, -16.0, -11.0
110.0, -101.0, 25.0
-89.0, 60.0, -15.0
-89.0, 60.0, 8.0
-89.0, -131.0, 4.0
-89.0, -144.0, 7.0
-89.0, 48.0, -23.0
-89.0, 186.0, -23.0
-89.0, -144.0, 14.0
-97.0, -101.0, 1.0
-97.0, -19.0, -25.0
-97.0, 9.0, -13.0
-97.0, -131.0, 10.0
-131.0, -144.0, -10.0
-131.0, 48.0, 10.0
-131.0, 9.0, 3.0
-131.0, 60.0, -29.0
-131.0, -19.0, -4.0
-131.0, 48.0, -13.0
60.0, -144.0, 6.0
60.0, 48.0, -3.0
60.0, -101.0, 11.0
60.0, -144.0, 8.0
9.0, -19.0, -7.0
48.0, -19.0, -3.0
48.0, -144.0, -6.0
134.0, 186.0, -26.0
134.0, -16.0, 24.0
134.0, -19.0, 14.0
134.0, -144.0, 21.0
134.0, -16.0, 10.0
134.0, 186.0, 2.0
134.0, -101.0, 19.0
186.0, -19.0, 7.0
186.0, -16.0, 5.0
186.0, -101.0, 3.0
186.0, -16.0, 18.0
-16.0, -19.0, -7.0
-16.0, -101.0, 10.0
